2.330757863819599152e-02 9.766923785209655762e-01
1.370116323232650757e-01 8.629884719848632812e-01
3.772497773170471191e-01 6.227502226829528809e-01
2.018985897302627563e-02 9.798101186752319336e-01
2.874447405338287354e-02 9.712554812431335449e-01
3.226910158991813660e-02 9.677308797836303711e-01
8.962578773498535156e-01 1.037421002984046936e-01
1.691837608814239502e-02 9.830816388130187988e-01
4.717169702053070068e-01 5.282829999923706055e-01
3.026599809527397156e-02 9.697340130805969238e-01
2.736729979515075684e-01 7.263270020484924316e-01
5.844634771347045898e-01 4.155364930629730225e-01
2.792388200759887695e-02 9.720761179924011230e-01
6.331142783164978027e-02 9.366885423660278320e-01
3.227425515651702881e-01 6.772574782371520996e-01
9.229561090469360352e-01 7.704401016235351562e-02
2.612710930407047272e-02 9.738728404045104980e-01
2.554037049412727356e-02 9.744596481323242188e-01
8.455322980880737305e-01 1.544676870107650757e-01
3.277986049652099609e-01 6.722013354301452637e-01
7.721441984176635742e-01 2.278557717800140381e-01
7.929561138153076172e-01 2.070439308881759644e-01
1.271231006830930710e-02 9.872876405715942383e-01
6.156262010335922241e-02 9.384373426437377930e-01
5.414811372756958008e-01 4.585188031196594238e-01
1.699355430901050568e-02 9.830063581466674805e-01
9.338148236274719238e-01 6.618521362543106079e-02
1.091803908348083496e-01 8.908197283744812012e-01
1.080034598708152771e-01 8.919965624809265137e-01
9.104825854301452637e-01 8.951737731695175171e-02
8.913672566413879395e-01 1.086327880620956421e-01
2.028515748679637909e-02 9.797148704528808594e-01
8.259898424148559570e-01 1.740101128816604614e-01
7.872382998466491699e-01 2.127616703510284424e-01
2.500944435596466064e-01 7.499055862426757812e-01
9.486316442489624023e-01 5.136834830045700073e-02
7.723477482795715332e-01 2.276522666215896606e-01
7.611373662948608398e-01 2.388626784086227417e-01
1.028483510017395020e-01 8.971516489982604980e-01
1.237037219107151031e-02 9.876297116279602051e-01
1.471684426069259644e-01 8.528315424919128418e-01
8.835628628730773926e-01 1.164371743798255920e-01
7.481449842453002930e-01 2.518549859523773193e-01
8.986963033676147461e-01 1.013035997748374939e-01
3.956683725118637085e-02 9.604331254959106445e-01
8.683857917785644531e-01 1.316141635179519653e-01
7.157381176948547363e-01 2.842620015144348145e-01
7.154587507247924805e-01 2.845413088798522949e-01
8.564618229866027832e-01 1.435381621122360229e-01
2.262670248746871948e-01 7.737330198287963867e-01
1.771384328603744507e-01 8.228615522384643555e-01
8.764485120773315430e-01 1.235513687133789062e-01
6.165855005383491516e-02 9.383414387702941895e-01
3.355433940887451172e-01 6.644566059112548828e-01
8.147711753845214844e-01 1.852288246154785156e-01
8.278025388717651367e-01 1.721974611282348633e-01
2.297652512788772583e-01 7.702347040176391602e-01
7.561467289924621582e-01 2.438532412052154541e-01
7.389439344406127930e-01 2.610561251640319824e-01
1.616260260343551636e-01 8.383739590644836426e-01
6.727983802556991577e-02 9.327200651168823242e-01
1.770918518304824829e-01 8.229081034660339355e-01
1.763419620692729950e-02 9.823657870292663574e-01
9.305996894836425781e-01 6.940031051635742188e-02
5.349692702293395996e-02 9.465030431747436523e-01
9.429051280021667480e-01 5.709485337138175964e-02
9.382387399673461914e-01 6.176130846142768860e-02
6.868356466293334961e-01 3.131643831729888916e-01
1.271912455558776855e-02 9.872808456420898438e-01
2.142899930477142334e-01 7.857100367546081543e-01
2.346240915358066559e-02 9.765375256538391113e-01
3.805617094039916992e-01 6.194382905960083008e-01
2.450583502650260925e-02 9.754940867424011230e-01
9.386748075485229492e-01 6.132509186863899231e-02
2.178046405315399170e-01 7.821953296661376953e-01
9.007671475410461426e-01 9.923284500837326050e-02
9.338443875312805176e-01 6.615553796291351318e-02
1.729684472084045410e-01 8.270314931869506836e-01
4.606534838676452637e-01 5.393464565277099609e-01
8.333042860031127930e-01 1.666956245899200439e-01
4.045201838016510010e-01 5.954798460006713867e-01
4.312303066253662109e-01 5.687696933746337891e-01
4.490076005458831787e-01 5.509923696517944336e-01
9.333278536796569824e-01 6.667210906744003296e-02
3.640387654304504395e-01 6.359612941741943359e-01
9.215171933174133301e-01 7.848286628723144531e-02
8.789127469062805176e-01 1.210872679948806763e-01
9.328161478042602539e-01 6.718392670154571533e-02
5.275335907936096191e-02 9.472467303276062012e-01
7.915459871292114258e-01 2.084540426731109619e-01
